11079
1365
7174
18838
2930
18406
10076
14773
25326
12075
30888
16320
13629
5161
6699
15621
7751
9147
17313
3931
13659
17799
30060
20402
8561
28464
20206
24302
17074
14286
9271
13558
5434
16283
5856
9735
12572
16366
13878
4687
2982
22382
27292
13239
24039
26239
12330
32256
21615
4097
25754
17681
27734
12858
11365
7567
8576
27664
13097
11183
21022
636
19278
21576
31608
14907
12521
1069
13291
31175
29664
441
1581
18309
19792
31915
4569
30784
25643
20532
5415
8662
17702
11087
17402
9777
4562
4945
4129
27257
11016
29889
18134
3720
23179
13929
10123
14495
16361
685
22503
18775
1186
15132
22795
3034
7052
19013
25113
13906
3958
18380
17399
20130
9484
8893
14928
18261
21499
17951
19932
26835
23381
27597
11234
23259
30006
4481
5883
25133
28072
17458
21784
9863
8388
13728
16070
5331
9242
20525
21425
12703
8019
15598
30823
28621
6165
4098
16735
24460
13607
3874
28474
18823
15574
18042
72
2652
21143
24503
31566
16975
14317
28514
22407
11584
5261
11372
9704
14042
2497
17930
24488
7950
5386
19395
32256
17087
1545
23494
16176
23743
2975
2946
15554
21243
7252
15985
14098
25586
15861
24372
14862
18540
28801
12005
32571
7528
16455
7849
12537
10838
17224
26500
29447
22406
1506
21618
21577
26849
10928
29363
3529
20695
16812
7270
13053
12184
6806
4441
14152
21127
5786
4640
27842
18411
15661
12644
24636
23272
6200
20350
13951
2991
7032
29764
28373
22513
6948
31523
11979
26521
5585
17775
31540
29114
21908
26358
625
28102
11366
219
23536
25858
20428
16034
24819
30774
6071
10631
659
28073
9384
17940
16644
23372
12569
12274
10266
16694
4633
10240
29964
10320
11062
18594
18809
6482
22943
21596
4008
32750
6794
21151
29716
20042
28884
28386
6184
29876
19943
19957
25159
402
481
19858
3855
32151
30451
25142
26591
22589
15366
1838
17046
30831
8869
29941
11934
17797
29719
4541
29482
15478
459
20556
17083
25929
5370
28937
18409
15565
391
22871
28512
26250
24618
29985
4905
15095
13261
22198
27435
1518
32310
2264
26353
2396
2023
18191
21677
6205
24386
4164
31101
24008
21233
18314
32494
9446
27525
22335
22975
13289
10333
2644
3559
4219
970
4073
29656
16340
624
23837
25350
22321
20976
24868
26019
28801
15044
16282
22957
22369
26986
1302
9003
586
21188
2563
21428
11273
14271
30635
27440
8560
3123
9109
5603
5964
17674
13585
2983
7319
20901
18705
29816
31982
17531
2106
30262
10053
28419
25403
20391
27865
29909
26974
9404
11366
6668
27996
24597
15770
20718
27766
19910
12490
19151
27585
21340
14053
4146
16322
26907
17830
25650
29242
14474
19469
30496
14915
1074
2831
11374
15004
15522
26253
30667
31298
26294
17027
5520
19264
14105
16514
8795
5063
1801
29024
22009
11649
1626
20270
25994
20259
20158
4970
20703
13378
15427
15734
7975
30567
12061
23881
20171
21093
6822
30309
31894
14570
1443
3848
1561
341
24521
16295
11086
4039
20608
22168
29563
14205
25318
25615
22873
18013
13079
16971
630
28366
172
28177
1496
973
19073
17242
1507
15166
22460
29257
8573
27263
21002
16479
111
28995
21804
27122
32526
18078
6067
14299
15644
23644
4359
7536
5097
19607
16558
29362
14269
1417
31435
7879
2170
26526
24037
18090
21886
2509
21994
21537
6343
6185
20596
26863
27994
179
1610
4683
17637
25203
32298
20626
8355
29383
11462
18233
20864
19706
22028
10501
894
24600
5034
13438
6231
28417
9426
21665
5476
22205
27450
14805
10429
3855
14696
32544
2466
6477
22060
12187
14361
20846
22894
16419
24537
21861
17961
20818
25191
30382
1464
19885
19583
27174
10321
14367
15029
10783
3791
16039
29020
16052
25012
25933
11175
24666
31086
23898
26126
10424
7129
23752
10227
17849
13062
2552
4230
25311
24891
20387
10982
15578
5690
11539
19849
4953
2502
22163
2269
27936
16228
14884
26927
25178
30559
15473
4045
24881
12558
16901
26471
8349
8793
22716
30651
13689
18554
5495
7282
32220
30209
31252
9028
22182
539
30622
5475
20313
32019
24768
12311
20523
3609
24704
20645
26201
24131
18730
22390
10941
13521
20361
18037
30371
10421
1629
7865
23257
2899
11786
16740
3333
28805
11406
22475
16187
30690
16821
1751
5583
15168
19344
29099
12136
1655
12067
20358
29526
15464
14686
6379
6694
3390
3151
4096
9331
25076
27797
10293
13311
8472
792
4389
31490
12494
26359
26817
13761
23063
962
22699
25187
29011
12266
8928
11008
26629
1909
24986
13820
11223
24310
32373
20627
30430
25277
9424
10164
29982
13899
13174
787
25425
10249
29054
13946
2788
19769
2671
15711
16195
6700
5544
13500
16470
19125
11519
10011
9803
11999
22185
24304
14999
12251
18010
13100
25143
8508
14764
527
32060
12903
29637
20030
24454
5188
7220
12821
18128
10042
1309
7486
29165
17755
7318
4227
15696
31963
3408
19424
26834
20167
21114
8925
27312
17907
17122
27419
29651
31285
22366
14636
2389
21456
12394
24487
22336
9011
7954
25724
8345
24804
13587
24710
28829
10679
8253
32095
29002
19267
21787
1400
2849
29846
19670
14953
12843
24360
23127
25989
1082
1038
23212
22194
7281
12656
17581
17784
16390
5181
23519
18519
18503
2589
2712
22110
28123
20392
10084
1785
22859
24277
10664
1035
7361
4533
4485
25148
31503
23905
1791
21397
8178
14641
29791
26698
11672
1582
8149
20950
17249
2762
2146
23629
25059
22223
2549
4590
20528
9110
3285
15608
26203
1145
17470
15296
24888
31626
16463
23295
9060
18054
22308
10864
1925
30724
10559
32667
10195
12530
17708
6891
16088
3650
11876
8967
1395
7905
19315
27231
12835
30185
32598
13061
32130
11543
29223
25791
20496
27519
19708
26970
32050
17534
27916
9025
12155
753
21011
12878
27177
13476
19448
31455
17395
2574
11181
9005
16130
24123
31576
31449
25149
31497
432
200
30665
28055
5289
31537
5328
32507
32595
22004
20098
9523
32511
15150
16474
94
7077
6666
18339
14381
24450
4058
6202
19860
12805
26470
3733
13509
23020
8835
25348
19294
27307
16872
8759
32481
8461
16190
3841
14182
29469
28022
20827
23180
22343
13151
5804
31413
1723
21624
1864
1651
16146
15363
13622
3133
18228
32346
26678
26215
15225
1158
